:OC1 - TEST CATCHMENT- OC COMPONENT DATA SET: NT, NCATR, KONT, BIOWAT           
      1      3      1      F
:OC2 - TIMESTEP CONTROL (currently not used)                                    
 1.0000 99999.
:OC3 - OTHER PARAMETERS. SMIN,CDRS,TDC,TFC,DET. (SMIN & DET not used)           
 100.00    0.0    0.0 99999.    0.0
 2.0000 12.000 12.000
:OC14 STRX                                                                      
     24 00000000000000
     23 00100000000000
     22 01111100000000
     21 01111111000000
     20 01111111110000
     19 00111111100000
     18 00111111110000
     17 00111111111000
     16 00111111111000
     15 00111111111000
     14 00111111111000
     13 00111111111000
     12 00111111111000
     11 00011111111000
     10 00011111111100
      9 00011111101000
      8 00011111110000
      7 00001111110000
      6 00001111111000
      5 00000111111000
      4 00000111111100
      3 00000111111100
      2 00000000000000
      1 00000000000000
:OC17 STRY                                                                      
     24 00000000000000
     23 00100000000000
     22 01111100000000
     21 01111111000000
     20 01111111110000
     19 00111111100000
     18 00111111110000
     17 00111111111000
     16 00111111111000
     15 00111111111000
     14 00111111111000
     13 00111111111000
     12 00111111111000
     11 00011111111000
     10 00011111111100
      9 00011111101000
      8 00011111110000
      7 00001111110000
      6 00001111111000
      5 00000111111000
      4 00000111111100
      3 00000111111100
      2 00000000000000
      1 00000000000000
:OC20 - HEAD AND FLUX BOUNDARY CONDITIONS: NOCHB, NOCFB, NOCPB                  
      0      0      0
:OC30 - NUMBER OF DEFAULT CHANNEL CROSS-SECTIONS                                
      0
:OC35 - CHANNEL LINK DATA(LINK NO.,BED ELEV.,DEPTH, STR. COEFF.,DEF X-S)        
      1 106.00    0.0 20.000      2
 4.6265    0.0 4.6265 1.5000
      2 101.00    0.0 20.000      2
 6.5428    0.0 6.5428 1.5000
      3 107.00    0.0 20.000      2
 3.7775    0.0 3.7775 1.5000
      4 107.00    0.0 20.000      2
 3.7775    0.0 3.7775 1.5000
      5 95.000    0.0 20.000      2
 7.0670    0.0 7.0670 1.5000
      6 102.50    0.0 20.000      2
 7.0670    0.0 7.0670 1.5000
      7 91.000    0.0 20.000      2
 7.5550    0.0 7.5550 1.5000
      8 98.000    0.0 20.000      2
 7.0670    0.0 7.0670 1.5000
      9 86.000    0.0 20.000      2
 9.6307    0.0 9.6307 1.5000
     10 87.000    0.0 20.000      2
 5.3422    0.0 5.3422 1.5000
     11 83.500    0.0 20.000      2
 9.9943    0.0 9.9943 1.5000
     12 92.000    0.0 20.000      2
 8.0133    0.0 8.0133 1.5000
     13 80.000    0.0 20.000      2
 9.9943    0.0 9.9943 1.5000
     14 85.000    0.0 20.000      2
 8.8590    0.0 8.8590 1.5000
     15 77.500    0.0 20.000      2
 10.345    0.0 10.345 1.5000
     16 94.000    0.0 20.000      2
 3.7775    0.0 3.7775 1.5000
     17 81.000    0.0 20.000      2
 11.013    0.0 11.013 1.5000
     18 75.000    0.0 20.000      2
 11.013    0.0 11.013 1.5000
     19 74.000    0.0 20.000      2
 11.643    0.0 11.643 1.5000
     20 72.500    0.0 20.000      2
 16.466    0.0 16.466 1.5000
     21 87.000    0.0 20.000      2
 4.6265    0.0 4.6265 1.5000
     22 70.000    0.0 20.000      2
 16.466    0.0 16.466 1.5000
     23 63.000    0.0 20.000      2
 16.681    0.0 16.681 1.5000
     24 76.000    0.0 20.000      2
 7.0670    0.0 7.0670 1.5000
     25 59.000    0.0 20.000      2
 16.893    0.0 16.893 1.5000
     26 64.000    0.0 20.000      2
 8.0133    0.0 8.0133 1.5000
     27 55.000    0.0 20.000      2
 9.2529    0.0 9.2529 1.5000
     28 48.500    0.0 20.000      2
 17.103    0.0 17.103 1.5000
     29 49.000    0.0 20.000      2
 4.6265    0.0 4.6265 1.5000
     30 53.000    0.0 20.000      2
 9.9943    0.0 9.9943 1.5000
     31 48.000    0.0 20.000      2
 17.103    0.0 17.103 1.5000
     32 51.000    0.0 20.000      2
 13.879    0.0 13.879 1.5000
     33 45.000    0.0 20.000      2
 14.630    0.0 14.630 1.5000
     34 42.000    0.0 20.000      2
 15.110    0.0 15.110 1.5000
     35 53.500    0.0 20.000      2
 13.879    0.0 13.879 1.5000
     36 39.000    0.0 20.000      2
 17.311    0.0 17.311 1.5000
     37 56.000    0.0 20.000      2
 8.8590    0.0 8.8590 1.5000
     38 23.000    0.0 20.000      2
 24.626    0.0 24.626 1.5000
     39 25.000    0.0 20.000      2
 5.9727    0.0 5.9727 1.5000
     40 62.000    0.0 3.0000      2
 7.0670    0.0 7.0670 1.5000
     41 21.000    0.0 20.000      2
 24.626    0.0 24.626 1.5000
     42 67.500    0.0 20.000      2
 4.6265    0.0 4.6265 1.5000
     43 17.000    0.0 20.000      2
 25.199    0.0 25.199 1.5000
     44 68.000    0.0 20.000      2
 3.7775    0.0 3.7775 1.5000
     45 14.000    0.0 3.0000      2
 25.481    0.0 25.481 1.5000
     46 11.000    0.0 20.000      2
 33.147    0.0 33.147 1.5000
             1 50.000 0.7000 11.100 10.000
     47 14.850    0.0 3.0000      2
 25.481    0.0 25.481 1.5000
     48 12.000    0.0 3.0000      2
 33.147    0.0 33.147 1.5000
     49 15.700    0.0 3.0000      2
 20.342    0.0 20.342 1.5000
     50 13.000    0.0 3.0000      2
 20.690    0.0 20.690 1.5000
     51 46.000    0.0 20.000      2
 5.9727    0.0 5.9727 1.5000
     52 18.000    0.0 20.000      2
 7.0670    0.0 7.0670 1.5000
     53 17.200    0.0 3.0000      2
 16.466    0.0 16.466 1.5000
     54 16.700    0.0 3.0000      2
 16.893    0.0 16.893 1.5000
     55 16.200    0.0 3.0000      2
 17.311    0.0 17.311 1.5000
     56 17.550    0.0 3.0000      2
 16.893    0.0 16.893 1.5000
     57 18.400    0.0 3.0000      2
 15.344    0.0 15.344 1.5000
     58 19.500    0.0 3.0000      2
 12.810    0.0 12.810 1.5000
     59 18.950    0.0 3.0000      2
 15.344    0.0 15.344 1.5000
     60 20.000    0.0 3.0000      2
 12.240    0.0 12.240 1.5000
     61 19.000    0.0 20.000      2
 7.5550    0.0 7.5550 1.5000
     62 26.000    0.0 20.000      2
 3.7775    0.0 3.7775 1.5000
     63 20.500    0.0 3.0000      2
 11.643    0.0 11.643 1.5000
     64 26.000    0.0 20.000      2
 5.3422    0.0 5.3422 1.5000
     65 23.000    0.0 3.0000      2
 6.5428    0.0 6.5428 1.5000
     66 21.000    0.0 3.0000      2
 10.684    0.0 10.684 1.5000
