 Output at end of simulation for use as initial conditions in vsi file
 This output is by element number
 
 phreatic surface level 
   203.501   165.756   162.762   175.757   177.504   136.755   138.751   150.506   139.012   137.277
   160.005   149.008   120.008   123.005   137.004   125.255   129.513   141.006   142.004   109.506
   124.004   118.755   109.752   109.771   109.756   100.755    98.252   113.506   110.006   100.006
   103.512   100.504    88.753   105.752    99.014   108.753    92.254    90.257    89.753    95.000
    94.504   100.001    97.006    95.754    79.006    78.001    96.505    85.257    86.501    84.756
    93.502    89.002    75.002    81.865    81.506    95.005    85.753    75.753    70.251    68.503
    77.502    78.247    64.962    67.500    97.754    82.008    73.019    63.263    59.753    55.006
    59.421    53.917    51.252    97.507    80.681    80.513    67.504    75.002    67.002    37.506
    39.910    33.503   103.255    84.012    79.507    82.002    84.001    55.507    39.006    31.737
    31.002   107.505    94.256    80.507    97.249    71.003    63.001    41.751    18.001    25.445
   136.750   102.002    79.003    58.752    47.253    26.005    17.896    17.068    18.757   118.753
    85.256    57.255    42.752    19.266    18.888    18.800    29.753    37.751   101.753    78.504
    53.256    30.006    19.420    42.658    42.004    49.252    64.004    46.757    40.756    36.793
    23.008    40.251    67.974    54.005    35.007    25.532    29.004    22.667    30.258    54.005
    60.511    70.005    56.753    36.263    46.501    35.753    32.014    52.502    69.751    73.752
    60.507    80.185    59.001    34.014   121.501
 
 Heads at end of simulation
     67
    17.252    12.811     9.392     6.968     5.035     3.590     2.724     1.955     1.282     0.801
     0.451     0.201     0.051
     68
    17.709    13.209     9.709     7.208     5.208     3.708     2.807     2.007     1.307     0.806
     0.456     0.206     0.056
     69
    17.708    13.209     9.710     7.211     5.211     3.711     2.811     2.012     1.312     0.812
     0.462     0.212     0.062
     70
    17.688    13.191     9.695     7.198     5.200     3.703     2.804     2.005     1.306     0.807
     0.457     0.207     0.057
     71
    17.626    13.137     9.652     7.165     5.176     3.686     2.791     1.996     1.301     0.804
     0.454     0.204     0.054
     72
    17.677    13.181     9.686     7.191     5.195     3.698     2.800     2.002     1.303     0.804
     0.454     0.205     0.055
     73
    17.604    13.118     9.636     7.153     5.167     3.678     2.785     1.992     1.297     0.801
     0.451     0.201     0.051
     74
    17.713    13.212     9.711     7.210     5.209     3.708     2.807     2.007     1.306     0.806
     0.456     0.206     0.056
     75
    17.718    13.218     9.717     7.216     5.215     3.715     2.814     2.013     1.313     0.812
     0.462     0.212     0.062
     76
    17.733    13.233     9.732     7.231     5.230     3.730     2.829     2.028     1.328     0.827
     0.477     0.227     0.077
     77
    17.679    13.183     9.688     7.192     5.196     3.699     2.801     2.003     1.304     0.805
     0.455     0.205     0.055
     78
    17.709    13.209     9.709     7.209     5.209     3.709     2.808     2.008     1.308     0.808
     0.458     0.208     0.058
     79
    17.709    13.209     9.709     7.209     5.209     3.709     2.809     2.009     1.309     0.808
     0.458     0.208     0.058
     80
    17.688    13.190     9.693     7.196     5.199     3.701     2.802     2.003     1.304     0.805
     0.455     0.205     0.055
     81
    17.667    13.172     9.679     7.185     5.190     3.695     2.798     2.000     1.302     0.804
     0.454     0.204     0.054
     82
    17.651    13.159     9.669     7.177     5.185     3.692     2.796     1.999     1.303     0.805
     0.455     0.205     0.055
     83
    17.705    13.206     9.708     7.209     5.210     3.711     2.812     2.012     1.313     0.813
     0.463     0.213     0.063
     84
    17.693    13.195     9.697     7.199     5.201     3.703     2.804     2.004     1.305     0.806
     0.456     0.206     0.056
     85
    17.654    13.161     9.670     7.179     5.186     3.692     2.795     1.999     1.302     0.804
     0.454     0.204     0.054
     86
    17.695    13.197     9.699     7.201     5.202     3.704     2.804     2.005     1.306     0.806
     0.456     0.206     0.056
     87
    17.698    13.199     9.700     7.201     5.202     3.703     2.803     2.004     1.304     0.804
     0.454     0.204     0.054
     88
    17.691    13.193     9.695     7.198     5.200     3.702     2.803     2.004     1.304     0.805
     0.455     0.205     0.055
     89
    17.670    13.175     9.681     7.186     5.191     3.694     2.797     1.999     1.301     0.802
     0.452     0.202     0.052
     90
    17.724    13.224     9.724     7.223     5.222     3.722     2.822     2.021     1.321     0.821
     0.471     0.221     0.071
     91
    17.694    13.196     9.698     7.200     5.202     3.703     2.804     2.005     1.305     0.806
     0.456     0.206     0.056
     92
    17.700    13.201     9.702     7.203     5.204     3.704     2.805     2.005     1.305     0.805
     0.455     0.205     0.055
     93
    17.677    13.181     9.685     7.190     5.193     3.696     2.798     2.000     1.301     0.802
     0.452     0.202     0.052
     94
    17.706    13.207     9.706     7.206     5.206     3.706     2.806     2.006     1.306     0.806
     0.456     0.206     0.056
     95
    17.695    13.197     9.699     7.201     5.202     3.704     2.804     2.005     1.306     0.806
     0.456     0.206     0.056
     96
    17.694    13.195     9.698     7.200     5.201     3.703     2.804     2.004     1.305     0.806
     0.456     0.206     0.056
     97
    17.711    13.211     9.711     7.212     5.212     3.712     2.812     2.012     1.312     0.812
     0.462     0.212     0.062
     98
    17.681    13.185     9.689     7.192     5.196     3.699     2.800     2.002     1.303     0.804
     0.454     0.204     0.054
     99
    17.679    13.183     9.687     7.191     5.194     3.697     2.799     2.000     1.302     0.803
     0.453     0.203     0.053
    100
    17.680    13.183     9.687     7.191     5.194     3.697     2.798     2.000     1.301     0.802
     0.452     0.202     0.052
    101
    17.723    13.222     9.721     7.219     5.218     3.717     2.816     2.016     1.315     0.814
     0.464     0.214     0.064
    102
    17.680    13.183     9.688     7.191     5.195     3.697     2.799     2.000     1.302     0.803
     0.453     0.203     0.053
    103
    17.699    13.199     9.701     7.202     5.202     3.703     2.803     2.004     1.304     0.804
     0.454     0.204     0.054
    104
    17.695    13.196     9.698     7.200     5.202     3.704     2.805     2.006     1.306     0.807
     0.457     0.207     0.057
    105
    17.669    13.174     9.680     7.186     5.191     3.695     2.797     1.999     1.301     0.803
     0.453     0.203     0.053
    106
    17.629    13.139     9.652     7.164     5.175     3.683     2.788     1.993     1.297     0.800
     0.450     0.200     0.050
    107
    17.700    13.201     9.701     7.202     5.202     3.703     2.803     2.003     1.303     0.804
     0.454     0.204     0.054
    108
    17.672    13.176     9.681     7.186     5.191     3.694     2.796     1.998     1.300     0.801
     0.451     0.201     0.051
    109
    17.711    13.210     9.710     7.209     5.208     3.708     2.807     2.007     1.306     0.806
     0.456     0.206     0.056
    110
    17.695    13.197     9.698     7.200     5.201     3.702     2.802     2.003     1.303     0.804
     0.454     0.204     0.054
    111
    17.710    13.210     9.709     7.208     5.208     3.707     2.807     2.006     1.306     0.806
     0.456     0.206     0.056
    112
    17.657    13.163     9.671     7.179     5.185     3.690     2.793     1.996     1.299     0.801
     0.451     0.201     0.051
    113
    17.701    13.202     9.703     7.203     5.204     3.704     2.805     2.005     1.305     0.805
     0.455     0.205     0.055
    114
    17.709    13.209     9.708     7.208     5.208     3.707     2.807     2.007     1.307     0.807
     0.457     0.207     0.057
    115
    17.663    13.168     9.675     7.182     5.187     3.692     2.795     1.997     1.300     0.801
     0.451     0.201     0.051
    116
    17.690    13.192     9.695     7.198     5.200     3.702     2.803     2.004     1.305     0.806
     0.456     0.206     0.056
    117
    17.681    13.184     9.688     7.191     5.195     3.697     2.799     2.000     1.301     0.802
     0.452     0.202     0.052
    118
    17.684    13.187     9.690     7.193     5.196     3.698     2.799     2.000     1.301     0.802
     0.452     0.202     0.052
    119
    17.678    13.181     9.686     7.190     5.194     3.696     2.798     2.000     1.301     0.802
     0.452     0.202     0.052
    120
    15.740    11.252     7.768     5.283     3.295     1.804     0.910     0.115    -0.580    -1.077
    -1.427    -1.677    -1.827
    121
    17.690    13.193     9.696     7.198     5.201     3.703     2.804     2.005     1.306     0.806
     0.456     0.206     0.056
    122
    17.703    13.203     9.704     7.204     5.204     3.705     2.805     2.005     1.305     0.805
     0.455     0.205     0.055
    123
    17.699    13.199     9.700     7.201     5.201     3.702     2.802     2.003     1.303     0.803
     0.453     0.203     0.053
    124
    17.693    13.195     9.697     7.198     5.200     3.701     2.801     2.002     1.303     0.803
     0.453     0.203     0.053
    125
    17.654    13.160     9.669     7.177     5.184     3.690     2.793     1.996     1.299     0.801
     0.451     0.201     0.051
    126
    17.685    13.187     9.691     7.194     5.196     3.699     2.800     2.001     1.302     0.803
     0.453     0.203     0.053
    127
    17.658    13.164     9.672     7.179     5.186     3.691     2.794     1.997     1.300     0.802
     0.452     0.202     0.052
    128
    14.385     9.895     6.409     3.923     1.936     0.447    -0.445    -1.224    -1.564    -1.567
    -1.917    -2.167    -2.317
    129
    17.633    13.139     9.646     7.151     5.155     3.658     2.759     1.961     1.261     0.762
     0.412     0.162     0.012
    130
    17.665    13.170     9.676     7.182     5.187     3.692     2.794     1.997     1.299     0.800
     0.450     0.200     0.050
    131
    17.699    13.200     9.701     7.202     5.202     3.703     2.803     2.004     1.304     0.804
     0.454     0.204     0.054
    132
    17.716    13.215     9.714     7.212     5.211     3.710     2.810     2.009     1.309     0.808
     0.458     0.208     0.058
    133
    17.727    13.226     9.725     7.224     5.223     3.722     2.821     2.020     1.320     0.819
     0.469     0.219     0.069
    134
    17.714    13.214     9.714     7.214     5.213     3.713     2.813     2.013     1.313     0.813
     0.463     0.213     0.063
    135
    17.700    13.201     9.701     7.201     5.202     3.702     2.802     2.003     1.303     0.803
     0.453     0.203     0.053
    136
    17.712    13.211     9.710     7.209     5.208     3.708     2.807     2.007     1.306     0.806
     0.456     0.206     0.056
    137
    16.068    11.577     8.088     5.598     3.607     2.113     1.217     0.421    -0.276    -0.774
    -1.124    -1.374    -1.524
    138
    17.592    13.098     9.605     7.109     5.113     3.615     2.715     1.916     1.216     0.717
     0.367     0.117    -0.033
    139
    17.687    13.189     9.692     7.194     5.197     3.698     2.799     2.000     1.301     0.802
     0.452     0.202     0.052
    140
    17.707    13.207     9.707     7.207     5.207     3.707     2.807     2.007     1.307     0.807
     0.457     0.207     0.057
    141
    17.786    13.286     9.786     7.285     5.284     3.783     2.883     2.082     1.381     0.881
     0.531     0.281     0.131
    142
    17.706    13.207     9.708     7.209     5.210     3.711     2.812     2.012     1.312     0.813
     0.463     0.213     0.063
    143
    17.703    13.203     9.703     7.204     5.204     3.704     2.804     2.004     1.304     0.804
     0.454     0.204     0.054
    144
    17.691    13.193     9.695     7.197     5.198     3.700     2.800     2.001     1.302     0.802
     0.452     0.202     0.052
    145
    17.679    13.182     9.686     7.190     5.193     3.696     2.798     1.999     1.301     0.802
     0.452     0.202     0.052
    146
    17.714    13.213     9.712     7.210     5.209     3.708     2.807     2.007     1.306     0.806
     0.456     0.206     0.056
    147
    17.335    12.840     9.347     6.851     4.855     3.357     2.458     1.659     0.960     0.460
     0.110    -0.140    -0.290
    148
    17.702    13.202     9.702     7.202     5.202     3.703     2.803     2.003     1.303     0.803
     0.453     0.203     0.053
    149
    17.698    13.199     9.700     7.201     5.202     3.703     2.804     2.004     1.304     0.805
     0.455     0.205     0.055
    150
    17.722    13.221     9.719     7.218     5.216     3.715     2.814     2.013     1.312     0.812
     0.462     0.212     0.062
    151
    17.698    13.200     9.701     7.203     5.204     3.705     2.806     2.006     1.307     0.807
     0.457     0.207     0.057
    152
    17.687    13.189     9.692     7.194     5.197     3.698     2.800     2.001     1.302     0.802
     0.452     0.202     0.052
    153
    17.663    13.169     9.676     7.182     5.187     3.692     2.795     1.997     1.299     0.801
     0.451     0.201     0.051
    154
    17.719    13.217     9.715     7.214     5.212     3.710     2.809     2.008     1.308     0.807
     0.457     0.207     0.057
    155
    17.706    13.206     9.706     7.206     5.206     3.706     2.806     2.006     1.306     0.806
     0.456     0.206     0.056
    156
    17.662    13.166     9.672     7.176     5.180     3.682     2.784     1.985     1.286     0.787
     0.437     0.187     0.037
    157
    17.686    13.188     9.691     7.194     5.196     3.698     2.799     2.001     1.302     0.802
     0.452     0.202     0.052
    158
    17.710    13.210     9.709     7.208     5.207     3.706     2.806     2.006     1.305     0.805
     0.455     0.205     0.055
    159
    17.710    13.209     9.709     7.208     5.208     3.707     2.807     2.007     1.306     0.806
     0.456     0.206     0.056
    160
    17.712    13.212     9.711     7.210     5.209     3.709     2.808     2.008     1.307     0.807
     0.457     0.207     0.057
    161
    15.863    11.378     7.896     5.412     3.426     1.937     1.043     0.249    -0.446    -0.942
    -1.292    -1.542    -1.692
    162
    17.708    13.208     9.707     7.206     5.205     3.705     2.804     2.004     1.303     0.803
     0.453     0.203     0.053
    163
    17.670    13.174     9.680     7.185     5.190     3.694     2.796     1.998     1.300     0.801
     0.451     0.201     0.051
    164
    17.665    13.170     9.677     7.183     5.188     3.692     2.795     1.997     1.299     0.801
     0.451     0.201     0.051
    165
    17.693    13.194     9.696     7.197     5.198     3.699     2.800     2.001     1.301     0.801
     0.451     0.201     0.051
    166
    17.641    13.142     9.644     7.145     5.146     3.646     2.746     1.946     1.245     0.745
     0.395     0.145    -0.005
    167
    17.480    13.011     9.553     7.090     5.122     3.648     2.764     1.978     1.291     0.800
     0.450     0.200     0.050
    168
    17.696    13.197     9.698     7.199     5.200     3.701     2.801     2.002     1.302     0.802
     0.452     0.202     0.052
    169
    17.664    13.170     9.677     7.183     5.189     3.694     2.796     1.999     1.301     0.803
     0.453     0.203     0.053
    170
    17.684    13.187     9.690     7.193     5.196     3.698     2.799     2.001     1.302     0.802
     0.452     0.202     0.052
    171
    17.684    13.186     9.690     7.193     5.196     3.698     2.800     2.001     1.302     0.803
     0.453     0.203     0.053
    172
    17.717    13.215     9.713     7.212     5.210     3.708     2.808     2.007     1.306     0.805
     0.455     0.205     0.055
    173
    17.798    13.299     9.799     7.299     5.299     3.799     2.898     2.098     1.397     0.896
     0.546     0.296     0.146
    174
    17.776    13.276     9.775     7.274     5.273     3.772     2.871     2.070     1.369     0.868
     0.518     0.268     0.118
    175
    17.715    13.214     9.713     7.211     5.210     3.709     2.808     2.008     1.307     0.807
     0.457     0.207     0.057
    176
    17.682    13.185     9.689     7.192     5.195     3.698     2.799     2.001     1.302     0.803
     0.453     0.203     0.053
    177
    17.712    13.212     9.711     7.209     5.208     3.708     2.807     2.006     1.306     0.806
     0.456     0.206     0.056
    178
    17.706    13.206     9.706     7.206     5.205     3.705     2.805     2.005     1.305     0.805
     0.455     0.205     0.055
    179
    17.663    13.168     9.676     7.182     5.188     3.693     2.795     1.998     1.300     0.802
     0.452     0.202     0.052
    180
    17.780    13.280     9.778     7.276     5.274     3.772     2.871     2.069     1.368     0.866
     0.516     0.266     0.116
    181
    17.794    13.295     9.796     7.296     5.295     3.793     2.892     2.091     1.389     0.888
     0.538     0.288     0.138
    182
    17.759    13.259     9.758     7.256     5.255     3.754     2.853     2.052     1.351     0.850
     0.500     0.250     0.100
    183
    17.708    13.208     9.707     7.206     5.205     3.705     2.804     2.004     1.304     0.803
     0.453     0.203     0.053
    184
    17.691    13.192     9.694     7.196     5.198     3.699     2.800     2.000     1.301     0.801
     0.451     0.201     0.051
    185
    17.674    13.178     9.683     7.188     5.192     3.696     2.798     2.000     1.301     0.803
     0.453     0.203     0.053
    186
    17.694    13.196     9.697     7.199     5.201     3.702     2.803     2.003     1.304     0.804
     0.454     0.204     0.054
    187
    17.708    13.208     9.707     7.207     5.207     3.706     2.806     2.006     1.306     0.806
     0.456     0.206     0.056
    188
    17.712    13.211     9.710     7.209     5.209     3.708     2.807     2.007     1.307     0.806
     0.456     0.206     0.056
    189
    17.854    13.352     9.848     7.343     5.338     3.832     2.929     2.125     1.422     0.920
     0.570     0.320     0.170
    190
    17.602    13.104     9.607     7.108     5.109     3.609     2.709     1.909     1.208     0.708
     0.358     0.108    -0.042
    191
    17.711    13.210     9.709     7.208     5.207     3.706     2.806     2.005     1.305     0.804
     0.454     0.204     0.054
    192
    17.691    13.193     9.695     7.196     5.198     3.699     2.800     2.000     1.301     0.802
     0.452     0.202     0.052
    193
    17.703    13.203     9.703     7.203     5.203     3.703     2.804     2.004     1.304     0.804
     0.454     0.204     0.054
    194
    17.716    13.215     9.713     7.212     5.211     3.710     2.809     2.008     1.307     0.807
     0.457     0.207     0.057
    195
    17.701    13.202     9.703     7.203     5.204     3.704     2.805     2.005     1.305     0.806
     0.456     0.206     0.056
    196
    16.704    12.211     8.720     6.227     4.233     2.737     1.840     1.041     0.343    -0.156
    -0.506    -0.756    -0.906
    197
    17.715    13.215     9.713     7.212     5.211     3.710     2.810     2.009     1.309     0.808
     0.458     0.208     0.058
    198
    17.679    13.182     9.686     7.190     5.193     3.695     2.797     1.999     1.300     0.801
     0.451     0.201     0.051
    199
    17.655    13.159     9.664     7.168     5.171     3.672     2.773     1.974     1.274     0.774
     0.424     0.174     0.024
    200
    17.705    13.205     9.705     7.205     5.205     3.705     2.805     2.005     1.305     0.805
     0.455     0.205     0.055
    201
    17.717    13.215     9.714     7.212     5.211     3.710     2.809     2.008     1.307     0.807
     0.457     0.207     0.057
    202
    17.752    13.250     9.747     7.243     5.240     3.737     2.836     2.034     1.333     0.832
     0.482     0.232     0.082
    203
    17.701    13.201     9.702     7.202     5.203     3.703     2.803     2.004     1.304     0.804
     0.454     0.204     0.054
    204
    17.813    13.309     9.802     7.295     5.288     3.782     2.877     2.073     1.370     0.867
     0.517     0.267     0.117
    205
    17.720    13.218     9.716     7.214     5.212     3.711     2.810     2.009     1.308     0.808
     0.458     0.208     0.058
    206
    17.691    13.192     9.695     7.197     5.199     3.701     2.802     2.003     1.304     0.805
     0.455     0.205     0.055
    207
    17.720    13.219     9.717     7.216     5.215     3.714     2.813     2.012     1.312     0.811
     0.461     0.211     0.061
    208
    17.706    13.206     9.706     7.206     5.206     3.705     2.805     2.005     1.305     0.805
     0.455     0.205     0.055
    209
    17.706    13.206     9.705     7.205     5.204     3.704     2.804     2.004     1.304     0.803
     0.453     0.203     0.053
    210
    17.728    13.227     9.724     7.221     5.219     3.717     2.816     2.015     1.314     0.813
     0.463     0.213     0.063
    211
    17.685    13.187     9.690     7.192     5.195     3.697     2.798     1.999     1.300     0.801
     0.451     0.201     0.051
    212
    17.708    13.208     9.707     7.206     5.205     3.705     2.804     2.004     1.304     0.803
     0.453     0.203     0.053
    213
    17.726    13.224     9.723     7.221     5.219     3.718     2.817     2.016     1.315     0.814
     0.464     0.214     0.064
    214
    17.693    13.195     9.696     7.198     5.199     3.700     2.800     2.001     1.302     0.802
     0.452     0.202     0.052
    215
    17.682    13.184     9.688     7.191     5.194     3.697     2.798     1.999     1.301     0.801
     0.451     0.201     0.051
    216
    17.684    13.186     9.690     7.193     5.195     3.697     2.799     2.000     1.301     0.802
     0.452     0.202     0.052
    217
    17.726    13.224     9.721     7.218     5.215     3.712     2.811     2.009     1.308     0.807
     0.457     0.207     0.057
    218
    17.594    13.102     9.612     7.120     5.125     3.629     2.731     1.933     1.234     0.735
     0.385     0.135    -0.015
    219
    17.690    13.192     9.694     7.196     5.197     3.699     2.799     2.000     1.301     0.801
     0.451     0.201     0.051
    220
    17.726    13.224     9.722     7.221     5.219     3.717     2.816     2.016     1.315     0.814
     0.464     0.214     0.064
    221
    17.655    13.162     9.670     7.178     5.185     3.690     2.794     1.997     1.299     0.801
     0.451     0.201     0.051
